5596
11751
4513
9367
3993
10765
10895
3064
1751
9310
11198
7102
3120
9194
10640
4139
8073
5907
8248
661
12719
11790
2922
10760
4556
5538
7255
9941
2662
7666
10399
7994
12714
4141
7714
5976
7638
6914
8088
8537
3271
3569
6165
2868
10481
6859
7591
10249
7961
8474
3178
7602
8589
12105
7908
2887
2229
3098
3976
8063
618
8530
1792
2668
4130
9437
246
1991
8528
7347
10184
12037
8942
10794
8903
5240
12955
2692
5987
3557
467
4717
2253
10973
12226
4475
11496
4222
93
10344
8353
8319
3929
5709
8984
8962
4063
3564
7920
4749
1990
3535
8265
11191
3935
2784
4461
62
6808
6705
10201
9374
10733
1118
226
2539
12453
1100
10477
9914
10219
8988
1120
6731
12273
10694
1439
12879
5442
11603
12798
9200
3621
8737
655
6824
9658
2851
4654
1219
10713
11293
7239
136
4630
10867
10422
8582
11912
982
7171
3174
8504
10400
2897
10627
223
12954
10152
1560
1743
9087
2628
7665
11212
9912
9360
8432
1572
688
9809
3346
1874
4752
679
6084
1924
11230
6537
4148
7263
3422
1139
2936
823
8029
7502
685
11250
12245
6082
1244
7806
5867
10992
12834
12919
11232
6145
9121
9338
10150
12351
11445
6786
5679
12289
3117
4702
3778
5318
11318
7541
8938
12672
3975
4754
8869
6378
224
3339
11163
1332
5043
9007
10796
7544
10198
10227
12069
12048
6599
8294
6484
6921
1488
1141
9295
8633
4644
6432
3878
12269
12176
5607
6710
10838
5029
7232
2864
8096
1166
10431
6435
3443
7795
1673
11499
1396
12522
2919
7609
8850
11979
9015
4365
1508
332
1535
3037
2588
12779
8974
3757
4911
7563
9212
4120
7400
12572
3253
291
6495
4307
4780
8383
5723
8553
5539
5488
2756
7342
10385
1045
10799
12745
676
12898
6363
8519
5576
12440
7185
7759
3338
3685
69
2066
12324
10393
4437
4435
1691
8089
977
6779
9141
515
910
3852
1462
6475
1661
5744
12855
12952
12211
2012
844
1047
10677
6088
7942
3879
12495
6490
5148
5882
12121
5611
9943
587
11604
8183
2624
5892
11228
8602
8892
3576
12935
8972
4359
4374
9644
11977
4889
8710
7236
6784
894
1015
3699
8051
3844
6462
4363
4168
5327
9288
574
1920
4940
11344
11841
4585
805
4677
5307
7409
5127
414
7487
1568
628
9846
2876
4474
1517
4119
5693
2794
9343
6739
10426
1816
6970
164
11540
3725
12598
3627
11517
5221
11323
5484
12348
7837
8458
3365
8967
5763
3952
10195
9825
1370
2416
5848
6448
9342
610
8918
750
6040
11159
1048
4533
71
5768
2439
5051
1361
1892
11508
12818
5098
4248
10294
1631
871
1619
11308
6246
3721
11015
10661
12607
4631
7705
9535
7706
2529
5532
6436
481
8592
5317
5580
3748
7331
10283
5665
7150
3058
5788
10217
2865
1044
2862
2535
203
3434
6651
2108
493
638
4552
2753
722
6585
1213
11430
3042
9044
7368
7004
10428
9968
5275
11405
6184
11101
1674
11541
6575
10941
3109
7555
9442
1228
827
1684
7153
3545
2037
4796
11949
2453
9677
4142
10657
2426
1261
10275
7174
5795
4298
5102
12102
5661
10527
561
11547
686
5944
10423
10617
5551
4572
4950
11204
1880
12757
10509
5451
6480
12545
5807
9937
12467
12285
7933
5623
8387
885
5818
11690
2346
5509
3227
1203
5202
5495
3977
8566
1005
12120
3663
6580
4048
8969
3692
10806
5932
2950
5652
11605
96
4262
72
6701
2528
8573
2959
12782
7332
2915
10651
1845
1701
4642
3550
4205
12840
259
5050
11932
8851
4859
6074
12114
3846
11393
8823
12555
1657
92
6419
543
3126
705
7696
11383
3332
10768
9226
8048
1866
1969
12884
4113
11655
11085
7992
10432
12056
2007
5203
10946
5957
4466
841
7096
3553
6763
11354
577
2002
7726
12647
7333
2078
8829
12418
6038
3414
2421
9873
10065
459
1549
7218
5604
10979
2396
3012
1064
2725
7802
4509
4229
7645
12538
9418
5004
556
6972
7485
8077
7446
5223
1726
9686
8312
3100
4231
4066
9347
4498
7231
1450
4569
7183
12657
9134
8440
4901
10066
5637
11945
2693
9750
11502
2373
5231
3263
5781
11217
452
11098
10145
12130
1176
7100
9088
12874
11825
6894
9124
10325
10879
8956
2830
1545
6477
5863
10273
1850
3989
9300
7929
11451
2602
3946
1098
6261
11980
3774
4091
4175
8139
4691
11602
6991
7192
3829
12655
5152
5561
7213
8351
5437
8074
2256
8992
2456
1291
4949
8638
12641
8269
2444
10981
12561
10270
9819
5178
3374
4698
9346
8832
3899
12638
4261
3854
9807
8812
7129
627
3605
10952
622
5846
1669
3694
12203
4478
11929
892
6788
3235
5504
6278
10403
10821
11671
8251
6101
12100
2249
7308
6332
11857
11909
5654
6402
1036
5844
3139
9759
5528
773
3329
5588
9429
1556
11439
4049
8454
4039
2774
11609
4054
3470
5147
6460
7631
1193
762
9480
9355
11564
1367
3093
8797
7201
12758
3658
5943
4122
5164
12093
10625
4026
10706
23
8909
2000
1838
683
5291
3981
7027
12816
12686
4809
11596
1412
4609
7522
11353
921
4275
12753
8518
6981
6629
2861
11181
4040
2175
3768
8386
3580
4200
8274
8472
2291
2896
6290
6721
10448
9164
6114
2187
4921
1672
7973
2848
6951
198
3316
8194
9579
4508
12741
2833
1171
11428
8955
5128
3347
11954
10180
7346
6756
5157
7176
3342
1503
6187
5077
6177
7574
3206
7440
5981
865
542
4825
6372
4512
1428
1131
9718
7194
1702
9662
6640
9751
8674
1872
6152
8292
10178
3765
1788
3505
9092
5109
11256
10922
2882
7954
9408
2227
8036
3914
7975
11229
4390
7060
11595
6209
4285
7046
12311
8250
4799
5764
6677
854
4209
10510
8185
1402
4331
2211
12499
1470
6450
9136
12759
11973
336
2
641
7824
790
10535
11618
9461
12234
11899
12644
10580
7411
12034
11937
12684
7326
10491
3502
10128
9731
11651
10736
5322
3659
9329
1445
7148
5259
1526
1579
1327
10290
3376
11895
5681
3005
4020
3643
7029
2045
8985
11505
5834
11134
3159
6597
5153
1324
6941
8264
1733
2776
278
1697
5564
9019
1729
1916
2823
10111
1243
5
5089
5593
1068
5586
5594
7246
12933
2591
11734
5729
7751
352
729
1078
12957
775
4350
5414
12906
9659
9744
6621
9160
7861
4925
10712
12784
9540
7869
6845
4956
8933
309
11573
8861
6037
7384
7956
4184
7649
11661
10774
11412
7587
7965
10343
5298
8801
5444
4679
6884
4991
4378
9478
6863
2241
6214
12322
6762
2710
8296
598
6492
12426
7017
550
4952
8373
3754
8466
1811
1114
1364
11415
3822
6362
5349
1112
3589
4791
61
3385
3895
6289
3900
4436
12583
5420
3893
3298
9049
2068
3055
8722
7238
7730
7686
5522
3888
3671
4935
2449
9138
12574
1472
245
6385
12488
3002
10421
954
10688
9581
1909
932
1588
5859
9830
3948
1021
4471
8147
1633
4121
4916
11347
6018
4567
6036
9537
12727
4035
2088
7115
187
4671
7317
8141
2852
29
9309
7094
5130
5185
10502
10610
3285
4782
3134
2883
12911
11122
5343
710
2437
10845
10998
2806
2487
2109
2901
8884
3787
12549
2079
5828
8126
12204
3928
9069
8894
732
6642
10550
4544
8735
7654
8262
7884
8746
8808
5756
115
9606
3324
531
4803
7896
10727
6063
633
9568
7300
9097
671
7583
9832
11597
4879
11088
8662
230
845
8053
1487
3513
7639
11385
3695
8664
2819
9753
12433
5824
9242
12807
630
8289
12605
4592
10716
3343
4499
4007
11986
9966
12448
3510
6911
9657
3864
8168
7461
11965
3476
4171
2560
1942
4824
9259
3638
2918
8016
12022
11748
5793
11791
6908
2593
460
2687
10222
881
10486
7329
8786
70
5227
10214
4138
10886
116
10836
10462
903
10484
3399
9700
6660
8254
236
10880
10926
5393
11803
11528
1982
1427
7362
2061
5825
7517
12437
5273
4974
1863
9165
2334
3682
606
6994
1325
9776
5055
8795
9421
5733
9641
3874
3094
5167
840
2189
11246
6491
5801
6809
1133
3127
2609
10530
2764
11666
10668
8080
9721
9193
12530
6192
1569
8561
3075
2846
2372
6806
11068
10340
492
6270
2767
1721
4904
7018
6239
4907
272
8360
6300
12716
113
335
4467
10326
2307
5887
895
5875
2361
12050
7765
1728
9145
1693
1322
4124
1323
3121
2386
11957
7848
383
1912
5680
6058
11818
2492
2397
5582
1894
1232
1887
570
9703
2576
3876
10626
2592
11465
2484
5671
10720
5704
5014
3119
3146
1306
9153
5260
3497
7911
4164
3291
10017
7819
7597
2808
4831
1748
7590
5432
8734
10907
10236
10728
4941
4800
6593
10087
7252
9283
10105
3585
1280
2834
4850
2196
9637
8335
2574
7379
4195
11704
10653
2988
6168
1024
11077
10452
8459
11380
5883
9798
84
4417
6315
10293
11486
10600
11853
7601
7355
1419
5136
12900
7101
6850
12635
8343
12425
7678
190
12689
3556
2751
7047
3272
9925
9591
3533
4214
9664
12510
6795
3361
5684
654
4309
9508
7680
9999
4316
10954
7771
5894
11067
10364
4232
7594
6355
12019
1222
1636
3559
12960
7833
12469
9717
12099
1564
7628
2684
3947
5645
2832
2956
6852
4399
20
8
5491
2763
7338
888
1097
7909
10064
5537
11955
2121
3143
1345
6693
3867
10139
1644
6841
9739
6119
4693
5722
6706
10360
10953
6780
1595
8463
774
10758
11728
9592
10278
10911
10909
9348
9017
7919
6240
8228
8169
3732
11032
5334
6883
2129
12645
3956
2223
8729
2575
1028
10098
12563
3424
12513
962
1889
11833
12119
7691
338
12847
8308
5584
5367
11236
11474
12763
9303
6510
219
8724
2267
8203
12830
11717
4587
10006
8919
2879
11512
11078
11806
2826
4884
11940
11794
10347
11600
5229
7903
2269
6220
10865
7221
10022
1602
11295
7542
7612
4079
4686
11896
969
11084
3710
1823
10389
6066
5321
12599
9896
6866
8648
6912
4100
7216
1849
4318
4301
12458
12604
12701
10021
11264
4750
2786
8400
1010
8354
5313
6142
11698
6022
4593
10321
9544
2866
10614
2907
7986
8798
3039
2522
11588
1911
6494
6151
1562
2654
6810
5898
10797
8229
6818
8905
8438
12387
879
11527
3647
6822
6654
8369
9551
3267
1665
5301
4254
8206
5119
3052
4785
3896
4548
6748
799
11813
262
10242
10520
1368
6876
6280
5991
5425
7264
3231
9603
9715
1211
8596
7573
6625
1647
12085
6770
8178
6070
12227
2186
10080
1737
10380
4070
4555
4263
928
6725
11966
4333
10406
12506
1529
12529
304
9935
6667
8279
7032
5799
2178
933
1311
12591
462
10819
5517
6456
3991
11238
7222
9104
12923
6247
238
12578
3616
11558
8926
7900
10951
6180
3122
3467
9448
3351
8982
734
5501
8579
3394
6425
341
1522
2164
6464
2803
5710
11190
6749
5697
3904
2743
3325
8130
4303
10601
3150
1612
2616
10950
6680
8032
1857
1683
4538
9387
9538
4451
2761
3631
751
847
629
3902
9723
5797
9222
10447
9899
3826
5864
7692
138
5914
7873
3072
5819
6679
5324
10079
8467
5730
1630
10359
12691
1944
3812
3459
6072
8465
7291
11335
11136
3985
717
4071
4832
5814
7768
1435
1717
9238
3474
4877
12026
234
2515
8355
124
379
6566
5643
233
11414
4447
4488
11612
3668
8619
12576
12654
1996
6554
5383
12416
7608
5239
11052
488
399
5644
2458
12865
4361
10547
2501
2746
9615
1035
2931
6166
7169
7090
2573
2308
4878
4300
4257
1577
9861
2853
8157
4321
9593
9557
2226
8452
10804
7335
1852
2599
10241
6683
7925
1020
1950
3738
682
3882
8963
8117
9678
1449
8002
6524
3693
6251
4722
8358
8916
10233
10949
10341
2235
994
40
277
10516
9934
2234
8241
4188
6571
10271
7120
1603
882
10191
2792
5391
4741
2789
1957
11672
2304
8124
9958
5554
3793
4482
3164
8303
3762
143
6264
9477
7754
3063
7670
12678
3147
8311
5519
11297
4766
10715
8937
4050
3728
12455
8487
5998
10778
6092
11322
4964
9561
1432
4053
3969
7290
10410
9082
1888
8896
430
6759
9766
4970
2562
12795
11629
7397
11137
8835
4249
7565
4213
1846
12848
10398
7904
7449
4439
2678
12828
47
12752
12665
4704
968
4394
7275
11620
3654
11452
4472
2558
2335
10714
11701
11251
3843
11326
9214
8552
6227
1692
3
1459
1675
5299
8816
7562
10043
4747
6685
6834
218
2579
4383
7051
11336
3229
2097
7197
10302
5529
6173
11314
11507
4783
6937
2181
2673
5483
11267
3885
11990
12442
709
10663
10683
7593
5682
7790
8136
7917
11762
8533
9582
8220
6781
471
3788
7740
3259
3415
5290
6323
4662
12625
10390
5338
8717
8091
10844
11175
9604
1491
4126
5812
12389
10225
12327
3620
9275
1465
6473
2706
10240
10365
1797
2217
8941
12958
10645
11554
876
7306
3266
12630
7276
4645
12490
8071
517
3862
11753
10752
11442
9132
340
3796
5366
2433
12887
2695
3999
505
8044
6412
8782
3777
1377
2141
3337
1650
38
8040
2299
11013
4010
8511
12091
10424
6549
205
4981
7872
1117
3782
4789
10307
5544
12064
3008
7277
7089
3986
2118
443
2294
8028
3603
4897
11848
5348
3637
10304
9157
6176
8739
4290
2309
8205
392
1533
7406
4485
11390
11840
4968
5727
4236
534
9454
12479
5276
2228
11041
1723
11381
4896
394
7967
4362
8813
12812
2170
4111
1959
5836
10793
7081
11798
9339
7864
1807
4106
3547
11388
2383
8976
4044
7540
5502
7304
9156
10147
2870
5143
4086
609
7826
5657
11644
1902
10643
9470
2615
5810
1343
2104
3676
10729
11155
1826
1438
6223
9150
6481
12126
9995
10881
7482
6122
8880
6829
8186
2215
7066
192
4530
3412
6219
6256
10593
11317
279
11268
1965
814
8437
2238
2904
10266
4144
12709
10827
11454
3009
9304
9253
5209
5174
7644
6969
81
9696
1152
7688
9067
11713
12564
7287
1411
3987
11444
3354
7530
2144
5558
602
12070
2572
453
7448
12004
8632
2131
11476
8837
2469
8191
5565
8409
4871
3931
3689
3722
11119
11515
2722
7749
6437
12525
1235
9080
7808
12670
6438
5540
3425
6567
5470
8990
1416
2966
4504
2583
2210
3871
2590
9786
11037
4250
101
6992
5436
4429
10176
10513
9623
872
858
10515
8979
9020
4613
1581
7915
6483
10681
490
4531
11265
5650
8946
11539
5913
6161
10252
8893
3746
10366
7572
2555
12235
10269
11436
8994
4286
2313
8237
5647
8877
11856
4966
3144
3278
1399
4386
9306
3156
2089
4017
8070
10301
4775
11869
4218
6269
7495
12415
11739
2963
9433
10074
6596
8370
4905
10665
5316
1391
9011
8382
9435
11097
4217
6663
2532
8612
1000
1734
9204
8259
6003
458
7924
1641
4347
10669
11903
11280
3362
2245
1865
3001
5881
4483
4062
1555
5869
6234
5340
5465
12788
9988
5941
9323
12077
1489
3006
12560
10560
4442
25
1365
9334
7523
1292
8148
4385
6083
11891
7299
4614
2518
9555
12890
5805
1830
9239
12700
11360
4373
6393
10183
7547
11177
12355
1557
12042
8342
11270
3371
7266
5808
2855
4627
7610
9405
12928
6890
2910
11740
7785
8407
1867
1606
3681
10517
11242
7398
7006
3082
10071
11087
308
10708
6536
10569
684
191
3292
2739
2347
8760
2908
137
12287
7056
2237
8890
4826
3088
1727
2393
3735
7370
4973
5303
1378
635
4101
9033
4886
1847
10133
5480
10633
5341
11777
7710
5216
6182
8999
9266
6893
4146
3232
12159
4000
6420
5059
3634
10077
391
3723
7778
945
11012
5018
9111
3583
4667
9765
2446
2082
11376
11407
3069
1711
10894
1289
1882
1124
289
11562
10934
5780
4161
12109
4652
3265
4522
589
1247
5804
8201
11046
1061
12003
8398
8856
7314
12191
8145
3487
8687
4608
7794
7615
2514
6518
8526
1584
11859
170
10054
3834
11871
5357
897
5172
5156
7797
4764
1540
7324
950
10624
3264
10232
4348
6010
6365
5083
4210
3515
6148
5832
1710
3962
12253
11111
12460
3966
5445
6333
2952
2652
11498
10743
9446
5173
2199
4159
7180
1694
12345
3129
5518
5377
12303
7447
4108
11189
12449
3026
5281
1266
11561
86
642
185
6189
1065
8723
5117
9874
6121
2305
11017
5748
4033
12298
9985
9909
10528
12454
7923
2782
3315
3727
9595
3847
6540
1221
10750
12528
10330
5942
2038
4936
7519
3209
2688
9594
10209
11695
1774
8509
1752
9556
8928
9182
4523
7126
3869
5843
12007
1698
4367
12171
1454
154
6104
11669
4980
3691
5409
7811
8678
12264
111
10730
11039
7321
4313
668
7511
3194
10460
7907
2328
11518
7758
12643
7381
3252
6616
8245
9090
5599
1309
3453
5534
5434
1393
4710
2727
8660
1538
6649
6071
6645
1786
6466
487
11123
9460
10205
12959
5664
10544
1227
10264
2130
11934
6878
5345
9498
4560
2224
409
11750
7537
6985
4978
214
832
719
5378
2777
12559
4779
7203
6733
2096
2242
10019
275
11829
1175
268
8030
11542
2054
7073
12074
11946
1012
11780
5874
2016
3249
975
8534
9378
1754
4016
1862
178
7697
7748
4885
870
1869
8325
8347
12746
46
5046
11036
867
946
11488
434
541
11129
6442
9756
9886
2771
5960
8116
10131
11469
3709
3613
11147
9419
3257
2017
11783
8651
9074
12733
9903
5256
6722
815
7083
11458
3837
1194
5775
4051
2286
2330
2134
4021
9598
478
10451
3089
4841
9257
12394
1935
10801
1451
9553
2400
11784
4815
1109
11729
11919
6232
9402
11691
1217
10843
7699
8980
12640
4084
12428
5726
595
3096
7212
6789
590
9512
5739
1264
8874
8825
12682
906
12739
8799
382
943
9142
1422
5636
3198
4338
1871
7297
1380
9651
1591
5361
3500
3916
2914
6242
7133
1456
4380
9522
3996
9558
2008
4258
7211
1956
1961
10985
8854
2900
6650
6694
5996
133
87
3463
12451
11768
1989
9322
9625
9115
11343
9024
8541
9781
6630
7108
8129
9778
4606
4212
10557
3744
560
323
8171
2546
2659
475
10297
2394
4409
4714
11197
10192
5476
2478
82
11141
614
11025
11416
9359
9531
7190
3720
9967
10723
6916
9450
7763
9364
6526
4558
4756
5132
5407
6636
1688
9980
2899
6103
6163
7350
3858
12465
2894
1548
8100
9961
12711
3591
5066
1245
9441
11931
9583
3890
7250
6231
9530
9026
1070
432
3610
7685
6541
4701
3471
6611
11506
7372
7001
5413
5984
4413
10089
2503
5908
5548
9618
9428
1191
12139
11330
381
10251
454
10551
11139
11799
10572
5579
10110
1205
8167
163
11337
9051
6112
9098
12756
1515
6143
6730
3764
8306
1610
3806
3828
251
1952
4207
12472
16
3059
1507
7585
7681
2280
1946
12384
7240
7334
7709
6383
11440
4526
6718
8422
10942
6262
5969
7477
11951
118
5728
11345
6496
12396
4242
8332
5715
10368
11545
1307
6311
1500
9895
7160
5093
11184
404
3731
10327
9584
2405
4199
11433
4982
4906
1635
6208
7204
4149
344
1713
12622
2945
12261
7320
2788
100
3565
7261
5133
12111
6489
12914
4114
2385
11590
11151
8590
6136
12858
6089
12712
9031
5106
10384
8059
8860
388
3335
6741
4427
1371
4589
4624
5674
5036
8253
11911
1316
9728
8027
11817
6306
5400
5757
1207
12674
9318
5372
6674
4332
7501
8732
1678
9409
4773
2813
5590
1999
6222
1128
1478
1875
7493
1182
6977
9884
2318
5085
2150
9399
7458
8622
12893
1818
3680
11509
5961
660
11106
12412
937
9305
9146
1552
7491
12052
11257
11764
8934
6427
4549
12929
12626
12880
10628
10848
3541
50
3813
10873
4191
4860
3737
10053
3636
12931
2203
6966
6307
11920
248
5521
7708
2975
9467
2422
6902
8699
5927
5751
9047
12104
7244
4559
11026
981
771
12266
8936
10163
6538
1298
3614
125
1597
153
6975
4459
4568
10165
9135
3405
6568
6308
8046
10263
11161
2028
2472
7280
472
2656
9951
8998
11378
12771
9468
4189
12537
7728
1504
1180
7432
4153
2022
1248
12278
35
9166
9167
12329
10300
11653
9287
10485
12267
11350
1383
6627
10003
797
12883
2202
12168
2493
2601
8501
7023
5845
3894
8815
11446
2824
9089
3038
11124
6602
12024
592
7932
4487
1706
11816
12496
3173
12158
2231
8983
10427
7312
2781
8889
1877
9848
12941
8718
1453
5535
7147
12610
5641
1981
9748
7698
11983
8128
2409
8367
2064
11809
3518
10853
1832
11976
3549
3239
4296
11441
8745
5328
10361
6057
7660
2420
1436
3672
3508
5946
9919
3669
9520
10449
4888
6321
8996
10738
10468
5379
7099
7635
1059
624
10594
12328
6465
689
11926
4651
6573
8192
12881
3016
4178
8653
2403
1442
8757
8690
10062
9926
7841
8207
9406
3359
6872
182
12913
12390
5790
1154
8445
6056
4816
8727
1238
8871
6986
12799
5060
6271
12207
9948
7518
8676
5262
10618
7283
694
5419
659
2221
11529
3887
2779
1543
764
9900
299
6563
11630
6527
6519
10203
1975
8819
7393
6248
3684
11987
12349
2644
2933
461
4557
10277
9973
7322
4675
8433
1011
10974
5963
5225
9083
3054
2213
8555
9500
9030
4827
1233
7452
2655
896
2063
7475
10863
10876
12539
4391
1382
6353
10676
3961
5481
12108
2019
7723
11334
9267
9149
1134
10181
2702
3527
11771
1958
7844
10856
7776
5597
10860
11306
1404
3851
9202
1681
2509
766
3131
3803
11849
2246
7085
12761
9525
8223
4495
7434
5935
11684
4308
6243
3949
43
3013
9203
6327
8508
5450
3389
3619
4931
4346
10418
4279
8906
202
12175
1625
9624
3000
8621
7985
12113
2154
5047
9975
8477
1305
1803
3889
8161
5101
11118
12579
9161
11253
10250
1928
10521
3907
11725
2670
8317
9738
11524
11521
4208
1029
7437
10834
9065
10619
11964
10862
11519
8694
6539
905
11284
2544
2113
5852
4
8581
7413
6889
4529
11901
4790
6879
5605
3612
2667
2345
12197
2874
8066
8112
6041
12439
10284
6703
12485
11371
7053
196
9646
2951
10374
11419
8187
5277
10994
12809
4570
12174
10073
2132
8111
9094
5973
9037
615
4774
8199
4514
3047
6964
8007
7775
12258
8101
6207
1926
6210
3588
365
12030
6302
7604
5308
527
12144
4288
8964
9629
10187
957
6918
11907
1578
839
3861
4158
11234
7753
1925
6557
7918
7271
8404
8442
3673
9403
2232
7951
4234
5052
3391
648
922
12395
3349
11422
8015
4283
6369
5075
6803
3717
8415
5760
11449
10534
1930
2128
4093
6813
1052
10473
7454
10417
12871
8290
11289
3839
9699
9386
10154
6295
6690
5399
2618
893
4543
446
2735
1304
1080
12514
7360
5855
12785
9727
12947
3776
12575
9713
9929
3435
6175
8214
4755
952
6919
6149
12831
7742
10213
2981
7386
417
5772
2647
2225
12927
3308
6644
2854
11914
80
533
700
3448
4520
12128
4343
3423
4088
3080
12337
10247
6263
7579
9225
11404
8163
9395
572
3870
1136
1932
7852
7677
3988
79
563
12162
2937
12797
2462
7154
9416
7484
4822
5982
8634
5137
5278
7143
6995
6310
2994
10420
9417
11188
11377
5620
2039
1769
5830
5725
10371
504
12765
11884
2608
1707
9542
6123
2382
5978
11819
3241
1519
5995
3582
11893
8008
10313
1455
3187
6079
9472
10599
10190
5666
4518
5144
5676
3558
5289
1620
6258
3352
11592
5893
10382
4595
10268
3968
5560
4160
10968
6276
1352
9984
12147
6942
6434
10925
7930
4473
12127
6656
848
10318
3972
9589
1025
3645
5105
7228
8492
11898
8329
11994
5916
2379
10134
1976
9485
9154
8682
1315
6530
3767
396
5108
3897
10897
7382
6076
7061
1007
9679
12882
11935
282
2387
7483
5860
6468
5155
12155
2208
1405
10575
12903
5300
8401
11683
2419
2099
11785
3729
2645
3784
9140
7294
10782
12076
7043
186
8499
8677
5095
9126
5389
8224
11969
3608
6292
5396
240
1122
9187
5350
3697
1660
176
8944
2401
2094
11150
7921
8650
9159
856
7747
1634
6711
5967
2677
988
12066
3382
8997
10918
4424
10336
12332
11359
5297
402
1825
11710
825
5827
1216
10831
11864
8022
4926
8809
8784
8020
6312
11580
8524
12057
4281
7033
1986
4169
377
1054
316
12775
4864
6917
12511
4603
7761
6821
3752
2146
7982
8588
10490
10218
9389
5731
6745
4895
252
1690
2031
2906
6697
3924
2209
6950
678
4550
2338
363
1420
7414
1490
1268
7940
11316
5019
1885
3269
6520
11294
8372
5815
7050
3863
10857
2619
1667
3526
11746
26
2978
8950
10042
5952
10025
6371
2006
11875
3753
7456
8580
3801
12669
4182
2435
6188
7273
12096
4748
2243
2322
2316
5923
207
1038
139
2928
5241
1464
11391
3472
2091
210
12334
10671
5011
189
11900
4946
7093
9352
8067
54
6406
8212
5500
1341
6551
1806
8585
4517
5771
2369
10888
2319
8310
11413
7616
8295
3081
11349
11730
548
2769
12124
7270
1215
2810
6342
4683
12921
1252
6793
3670
6053
12222
11304
6286
12391
384
12206
10719
5069
12802
7674
7349
12770
6923
11142
12637
7902
12726
10621
12257
75
12217
3428
10546
9393
12286
919
7786
9289
10759
956
2660
9449
1793
6150
8550
11172
9330
10721
11526
11247
8525
9554
10562
8773
2418
2127
285
9243
6100
8564
10245
11438
440
12829
5619
1431
10761
12002
4924
3840
3083
8132
2074
3763
9621
7262
8929
5427
12512
3980
8006
8018
3066
760
2657
11145
5463
5339
2049
12787
12567
9241
5021
3180
10272
7752
4105
7948
11635
12025
6906
1423
6875
4233
7704
2550
11456
12249
9223
2412
601
12868
2344
5426
2120
12663
463
12823
10450
7906
2486
3665
8075
5469
10646
3629
7879
11392
8685
8239
4008
2799
11133
2798
3114
12301
2696
6225
6938
314
10568
12
3544
11843
11173
4421
8810
5065
11170
7267
6236
6638
3606
4401
4793
10011
8706
8094
8000
9201
6605
8748
231
6837
4792
6110
2581
874
9356
10189
10081
7178
10536
4460
4598
8826
965
11850
406
10349
1185
3429
8153
7987
10776
10138
9313
2135
12894
7036
7450
10802
5902
6384
7193
6965
11913
11156
5568
9541
11100
12725
11616
6708
3305
5006
4669
5758
5498
342
4942
1089
3409
8624
11747
8133
10038
9380
8736
12908
12680
4658
10394
12614
8252
3242
4798
5457
6012
22
2707
4310
7543
10060
9009
12853
1923
9913
4867
10129
2801
6106
10479
2531
644
12509
3597
3953
9400
12112
4804
6691
7002
9269
8489
9333
6124
6948
6324
5385
2035
11553
3416
1300
3367
8389
11080
10770
9894
6771
227
9755
4835
3622
4001
6732
8323
7506
6565
11194
6291
4740
3168
11703
1765
6545
5031
8951
147
9469
8793
3314
1409
11193
10824
11031
4618
8774
4305
6244
1510
7897
8565
4685
3815
3943
5296
5443
10935
5901
3925
4067
2161
3773
2507
1762
5742
11029
5359
5201
49
3789
3334
9324
5344
6846
9565
8182
266
351
8023
3360
10260
7361
3296
6960
6641
6178
2533
2157
3586
2694
7401
942
8263
7224
3437
5714
6574
7469
11674
5516
2709
2913
9073
58
6479
158
8256
11626
8593
8855
12321
2700
361
11696
1483
9190
12497
11424
1596
1471
11394
1876
4923
6815
663
7820
8235
6157
565
552
7508
7804
9514
6958
3419
9954
7068
12909
1312
4725
60
12333
12302
3320
4358
126
1921
9745
1652
12270
1782
5603
8847
1040
12536
6050
9724
6899
5116
3462
7995
1009
12642
9057
9709
8120
9100
4058
6096
11796
547
4845
7893
6221
7293
10748
2271
4029
253
2339
9260
11426
4930
8164
7388
8989
9362
10323
1474
2283
2188
1598
10437
366
7756
5572
6882
6273
1836
10058
7922
6252
3444
3074
949
3756
5073
4668
3219
3849
4781
2220
5683
9016
7990
4670
10228
7009
5016
7065
5774
4732
3357
4240
7146
7853
1695
793
1715
10605
9041
5612
2972
12275
1795
4414
2606
3655
4769
8666
4868
5398
5314
494
3950
9635
7637
122
674
1308
2545
11550
4075
1493
6129
6125
2193
8780
12319
8705
128
2116
255
611
3632
12312
7489
794
1780
11563
3602
3447
311
1249
9479
11076
666
7552
6376
2820
4545
8709
10685
2905
6903
3661
4481
2701
680
7960
9552
9674
6408
2620
470
10099
6796
1608
8431
11628
1254
6417
12137
5675
6160
10386
1496
3939
3017
2317
7782
7031
4639
2989
8811
3724
2023
6716
2233
4446
948
1913
11432
9093
800
2457
12071
6144
10442
12336
10982
8056
7928
619
7566
8949
7075
5766
12386
1426
3111
4507
6191
5482
6287
261
1425
12609
1629
4476
9229
10296
11169
6655
10348
1155
1318
3201
6844
6865
11610
1520
2561
12505
3653
11484
8755
4914
12452
2534
880
7337
7025
712
7055
9574
12710
6319
7689
9578
9021
9585
584
3716
1147
9452
2563
7614
52
6259
5134
1161
6062
510
8876
4381
7198
12550
10762
4953
10679
9638
3877
702
6533
10030
1354
11797
5435
5280
4810
9680
12413
211
616
11917
6237
5431
8661
1346
9588
1705
11160
11435
8302
1430
6668
3387
2542
12679
9845
10554
9465
6895
6285
5182
2106
1267
10013
11627
7867
3501
7035
7097
3073
10244
6826
10908
9186
9571
11584
9032
6405
3755
7971
11047
11810
7663
5970
10331
5900
523
10885
4666
5490
12703
5121
11601
3543
6081
11305
5099
3475
4575
6982
5530
11960
6260
1689
2184
28
4680
1922
8361
5058
4219
8098
1861
10127
7972
41
12072
10578
12938
706
4323
677
6185
1891
10317
1373
12503
317
2293
2729
12192
12304
10505
2071
1353
6957
10650
7627
2578
12590
11930
1864
2969
8707
5567
11548
12755
4562
2197
2714
11207
4198
5417
11287
2103
4883
6664
1498
6564
7787
7019
3575
4959
217
3179
2497
10097
2182
5001
6391
448
9490
2142
4721
4536
2090
3683
8520
12569
7584
924
1209
12751
7611
978
4604
2443
2053
7764
3640
7569
6839
271
1246
11460
11878
1196
10522
4453
4271
166
5415
2290
6249
1531
11186
8940
6967
12837
10039
11625
8204
5150
7733
12157
10589
7429
11697
12540
9192
9053
9079
1616
6447
10151
6511
6430
10641
2425
2553
5856
12778
10591
1662
4356
6409
12012
8238
3656
6961
8357
12649
2510
6676
1609
5904
4808
5125
11942
4304
6543
5837
1187
783
9068
6431
4540
2303
5524
3018
11649
8571
5158
8366
5787
5271
6019
5355
3225
4830
7316
12402
8738
11157
7969
3105
10310
6922
10492
241
10634
10789
10211
12843
4267
1804
5191
9371
2240
10884
1802
408
2013
6505
3804
9693
6351
11716
7875
8978
10182
12500
1392
7810
9688
12687
10052
667
6172
9112
10566
10094
4957
1084
2470
6274
10592
1914
5600
9842
6451
5070
5541
3918
11758
7838
4807
8886
10091
8751
9494
1091
7835
1071
5452
1200
11586
3825
9294
9857
8428
5197
1618
7175
11870
8026
3919
8490
5685
12436
7426
9922
4269
3215
6340
5433
5244
6932
2452
2255
12201
3392
11599
11485
1295
3163
5735
7163
1686
5422
5030
1637
7087
7045
3234
5953
9327
12256
3786
2958
6746
8421
4328
8327
12851
4355
12133
1936
11999
1666
1605
12870
1348
6757
8283
7912
3248
4152
657
9091
9379
7412
2570
10435
8099
8175
12083
9172
6411
8818
5489
12600
1963
801
1534
7462
9710
6724
4426
6418
5736
1574
6687
3775
12208
9783
5999
10940
8316
10144
10644
5091
4837
2488
479
7077
10379
4678
662
5169
2270
5286
2977
4611
9440
7170
11583
10666
5945
862
9085
8981
3958
4571
3421
9237
1947
3525
11286
8595
11706
8371
613
571
8652
3865
6864
1349
6712
11387
11107
12706
10470
10519
497
11164
9058
6299
10020
9856
546
9547
10558
2463
5672
2582
11770
12078
10465
5408
1796
7769
1043
364
6662
11802
2145
8977
2513
10395
7799
12702
664
5243
3010
10463
7829
6856
6502
11382
4519
3142
5513
6820
4004
4265
8867
6347
5002
4287
6939
10092
12065
11711
5423
480
2356
1592
10253
953
4395
5670
2943
1917
12180
6943
3568
1385
9286
201
10590
3287
9321
8155
1853
8824
1964
721
11301
10055
12049
545
10409
5949
6349
469
898
8684
9596
5411
2083
12627
6132
5040
2247
1172
4206
1945
10576
1601
320
1801
6140
2672
3802
6686
495
9043
7958
9301
5410
8470
6758
177
1073
6953
1095
6698
11167
12000
6445
3297
6077
11735
3217
9414
3025
11365
7207
8037
1653
6600
9103
2428
10279
2623
9562
4162
91
9892
5336
755
6734
8628
5033
8410
1372
7641
2571
9889
5035
9586
33
3097
514
6301
5784
9198
4960
8802
10923
5042
12852
8915
4011
2625
8081
6614
747
1521
10412
8557
6085
7993
6441
3651
2962
12088
4910
573
5238
699
11209
8082
6777
2323
1113
3310
11127
2301
1137
1294
7646
3797
6051
1376
6339
9760
4045
7390
3984
10588
5258
11689
3493
4890
3827
8712
7643
10346
12632
8858
6069
10537
6885
1537
11855
2498
11215
11237
11982
8333
6783
11826
142
7394
9195
9264
4060
4903
11162
6560
1123
4104
10204
2504
8714
12916
12966
12597
2765
2207
2156
9682
5803
6134
11757
1778
639
4561
10817
5989
8803
9292
7934
4433
3574
8961
4389
11687
2483
10872
10350
7431
5700
9843
8225
7943
12926
2909
5933
6968
665
1995
1190
5889
4116
8846
2741
3172
7895
11574
656
11694
8231
1143
7731
3295
704
9670
11143
1418
4591
3233
8150
11766
1813
8927
7720
7233
3751
12317
6945
11494
5629
6482
8807
7657
2643
12806
8522
6279
1381
1051
4500
10932
5849
7725
12237
6513
10047
10378
4844
1179
12318
7288
536
2903
2179
2198
5701
5918
6257
7453
4270
1115
12633
7486
1532
1708
11721
4251
6500
6033
8885
2898
10146
10433
8209
5642
2822
8789
5732
612
2845
3200
6723
1081
7302
727
4539
11233
4102
9517
7282
2429
4515
728
12118
12661
8907
12438
354
4718
498
12361
7257
4366
11613
5213
7760
8258
2526
6228
4632
9077
11243
8240
7024
7716
3024
3355
2162
11490
12728
6047
5044
10464
9749
3842
5870
11570
808
4030
9311
2115
5702
9350
1258
617
9152
195
1570
2325
3224
7109
12878
5161
1082
9316
7136
12634
9631
4913
3483
12588
9963
10803
4341
10362
10352
2324
3011
2398
6838
7465
4617
1006
2929
10045
2999
8268
6835
10392
11670
8728
6282
4244
8635
1643
2414
12489
4993
3835
6905
596
9487
3276
3439
10757
7387
3274
5251
5196
6989
8009
2047
626
11221
7494
11743
12400
4635
5627
5068
7103
12565
7167
4638
2597
11222
681
11086
5325
2092
915
3915
7796
4276
5232
1668
9137
7788
7557
11338
2598
6618
6583
12773
3537
7789
2138
1281
9729
2114
4295
3375
11968
10514
78
8796
7498
6929
5269
10548
11045
9681
9424
5555
8945
4619
5056
9850
2953
12404
5706
8151
1910
5163
3087
5980
10124
11245
3609
10597
2699
7268
763
3091
5388
5474
10369
8300
9616
11779
9148
11099
8898
6857
11925
9810
6707
6449
4134
2505
4770
6983
8222
11708
7531
743
11152
12434
74
1563
3319
11300
10130
6670
345
9426
7289
6785
3057
6034
12360
2423
1682
11410
12708
1687
12060
1617
11375
9315
1542
920
1766
9673
5453
553
12471
5716
1236
5177
603
10567
10508
3404
632
11559
7800
2567
2530
5720
7625
6901
3807
9560
7127
1764
6584
2720
7647
7606
8887
2759
2025
5940
5175
4811
3348
5507
4336
188
8233
11851
4535
11824
10295
2491
7927
4172
9492
5479
4083
3667
8756
12580
802
9792
3641
290
8280
9534
2893
6615
7974
5261
10687
1014
12280
4052
9987
3130
9337
11778
5386
6183
11463
2885
4730
12117
14
1731
4115
4455
10746
861
12895
12414
522
2705
2264
1347
2257
9055
12750
7235
1201
2586
12624
5997
4736
1890
2649
3244
4840
9095
9209
6288
12123
1018
4633
5778
4511
8804
9086
1355
5656
7814
7234
10471
11974
3524
8138
6588
3458
3060
2675
1326
3323
7595
5013
6862
10656
3740
8791
5749
6303
2734
6386
7784
4410
4128
9463
9906
7182
5861
8273
12586
5692
411
11575
3855
12411
7076
11501
10354
7732
3965
11489
8680
6978
7444
5284
8052
8719
9003
7581
4751
4177
10542
2455
2589
4090
10835
2690
4423
8873
9075
9298
4865
11636
6653
9675
2944
9489
6709
6544
623
7505
2408
1985
8733
12508
3251
11342
63
9633
9261
2180
4524
6467
4170
9888
8208
6760
9620
9276
11589
6740
7159
11761
9199
7313
12930
4099
7049
5285
12546
9650
11091
2785
11258
11569
8546
3881
7779
3561
11916
5621
10732
12953
6928
2360
6028
7664
8836
5405
389
2355
4928
7059
7078
10314
12142
1546
11158
10933
2927
3540
11831
4065
9516
1934
964
4112
4955
5762
2665
6542
6093
3388
9249
8531
12364
1186
5003
4103
7527
243
4643
1285
9484
3062
9372
11731
2473
1771
2666
3734
11634
842
4068
4046
7202
6043
3587
1502
916
12309
7564
11513
7114
11709
451
7378
7592
3210
7536
12631
3555
6154
6794
11892
7886
9757
6509
4132
11981
9432
6861
9369
2827
4032
9672
12866
5520
5235
1539
1583
5255
7369
1722
10678
11724
11985
6548
10108
8391
9927
3662
4477
8272
292
10964
10524
6658
8174
5459
8766
4719
8211
5696
5638
3302
3152
1505
5179
10476
3511
5754
11279
12891
12288
7363
6179
3433
5773
11950
7407
8219
8790
918
6682
2747
11339
11685
6805
2476
7367
2860
7989
1741
6766
6238
11805
3488
11533
5063
8761
11838
8726
7474
10156
1840
1621
1906
849
11000
12936
11298
8668
9147
6801
5782
9743
4324
5695
2496
3599
6754
8670
12461
652
10309
10532
197
7881
506
6782
900
9357
2298
12629
1967
873
3468
6768
7577
7344
3940
11313
6962
6498
5084
3932
2212
302
5602
10237
11577
11560
7885
4963
4976
12339
2192
12018
9971
4684
2548
2804
5865
1497
265
3311
675
95
538
10143
2123
4197
2011
9345
4464
10112
2738
12271
2200
11421
3317
670
8397
6632
10387
17
997
6577
11503
3045
7910
7380
12079
7947
7402
1664
2775
2250
8109
3955
4490
10493
7003
3140
12836
5486
6775
9548
7230
1767
5658
4252
7707
5406
11868
6241
2985
9133
8655
5635
5934
3573
4031
5054
1328
10458
4463
9695
5373
6904
131
9410
1966
8715
10690
11447
4074
908
5461
9431
2683
7470
9666
7792
7336
1897
5025
10670
5770
6743
2960
1119
8359
813
5911
12595
990
6245
804
8794
11963
7546
10148
1129
1330
4155
7067
7478
2329
554
3830
11978
11325
1948
520
3482
707
7082
2059
9836
4986
5159
11959
9290
8831
6001
3176
9040
5252
9
8321
1031
1434
11804
10828
254
8176
3019
4655
10298
8118
917
10455
1613
3108
3372
4564
2646
1974
1501
2941
7205
9654
10413
1873
3517
5783
10709
9325
5626
4851
4434
8368
369
10345
7659
11070
8021
12020
7305
10441
6877
9933
3379
8362
3711
2125
8230
8460
10501
4284
8975
11
11623
39
10231
7012
4392
4118
1730
1062
1004
3701
1855
2640
4072
2027
5885
931
10684
9423
12932
350
4983
3288
8957
7116
984
2604
2350
331
12817
3687
5740
9422
3330
8484
1761
3554
11998
4813
4396
9407
4607
8708
12838
7433
9545
9711
3446
5575
12544
11943
2844
1342
1463
4061
3318
5954
10744
1646
11861
2445
51
2957
9326
12742
1670
10739
5380
3457
8954
5569
6652
1611
10503
7042
6135
9006
5038
11877
7022
11495
5813
11216
415
8093
12562
10629
12092
11346
9549
2282
4971
4694
1189
748
4961
7375
10696
9196
3214
8987
12403
4746
10995
11493
10664
6335
6769
11622
2995
2549
5858
6506
10381
4056
8711
3486
12382
2263
4951
3713
2168
12794
7296
9800
270
6881
10248
3873
3370
2014
12774
5618
6581
12945
4579
6147
9328
7722
10764
6130
2279
10188
6867
10142
11315
310
8309
6521
718
7671
10276
2955
2721
960
4325
473
5988
6159
11358
2205
2048
2812
7828
5162
5211
3030
11910
1624
10533
8895
4534
2296
9564
11800
10351
7173
12380
1170
11492
8616
10577
7528
12161
10193
8462
4479
283
4330
5305
7247
5951
2916
1206
9763
6128
5585
4166
8866
2638
5543
10414
3743
9799
9573
5253
4565
1469
608
2718
6880
11255
4089
8610
3823
6598
1362
7162
5956
8244
12035
11213
11718
7941
6550
863
99
8304
4438
9953
12896
11556
2873
11290
7135
5721
6671
7821
4505
1269
10035
11688
8010
1220
5438
7359
8131
5510
397
7622
8352
6230
6601
9972
4369
9639
9645
507
11278
996
6052
7568
2310
9691
11614
8095
439
1819
6535
2600
11171
1883
7057
593
7605
6988
11941
12962
828
4292
9061
348
10586
7319
8973
1389
6008
10497
5331
5842
2524
11094
10871
1492
2867
11021
11549
8932
427
7712
9263
11206
3204
925
10308
4247
1473
6415
2857
12764
803
2750
10652
4109
12106
6350
831
2001
10085
6752
9619
1340
12023
7865
5798
6590
10623
4018
12566
2568
7490
7813
974
10813
3601
5272
8249
4259
5330
4027
146
6767
7466
2566
297
5160
4648
6952
4708
10457
7899
5080
3167
10893
3529
68
3161
4843
3926
11459
4988
12432
3995
5187
2060
607
3780
5767
8064
2737
3548
2719
12493
4260
7988
8758
11112
12781
10434
6631
3182
4927
3280
7858
1854
11530
12421
1253
9865
2717
8720
6843
1547
12516
6107
8800
9539
12036
373
6390
2711
9219
1747
53
2336
3799
5207
12821
733
7717
2136
7327
6294
3384
4225
3496
3959
9488
85
1837
12541
7054
5189
8221
1559
11081
3247
9335
10197
4299
5351
9060
1980
6283
11650
1789
4403
4707
9444
9754
12399
2447
10849
12760
9730
5633
11732
782
725
9580
1513
6791
2815
8065
8011
12951
9714
7209
180
537
3312
7172
11116
7200
789
4975
8947
5531
10438
477
6000
2413
3386
7695
5895
160
9689
6529
5928
7658
9543
1030
418
5698
4628
10175
10963
2622
6388
7181
9022
425
5862
3086
11241
6886
2440
7738
3539
10571
4174
11072
1164
6338
8647
2406
511
7013
5857
6078
12473
8485
10815
2970
7095
5027
301
10784
7343
1313
12186
4812
12621
416
3406
12875
10887
4989
9168
12041
2713
3937
4430
10783
6126
7891
5062
2537
466
6009
983
8671
4165
6562
7978
7642
161
11543
148
6582
8277
8716
7436
6871
9978
1824
11555
8572
455
11792
1163
2502
5233
4985
4802
3378
6587
6561
9216
5929
11092
7781
5460
3814
8820
12688
10161
3469
1424
12803
3113
2368
8062
6848
11787
1256
12915
6379
1565
5571
7364
6868
10229
10061
12011
9752
12740
12808
305
10050
12089
1104
11368
11328
1363
34
346
7939
3358
3450
2968
2990
9769
319
9248
5090
10402
8475
6963
12464
11873
10792
9523
1
5219
2547
3220
4107
12608
10391
1940
6659
10461
11607
9607
10202
1076
11621
9981
11429
5087
5972
1132
9831
1121
8614
8882
3625
8742
2080
5370
11510
7888
5786
1834
1224
690
12553
5851
10931
9885
12044
3963
12040
5198
6971
6699
8586
6396
3892
6397
5287
2829
225
7567
1998
6620
12905
836
4140
10289
6485
7196
7510
1183
10957
4612
7425
8482
10596
11075
4187
10358
1718
7755
7793
4996
11219
3223
9814
5395
2912
12720
77
10337
7532
3978
9054
1066
2009
6997
106
8282
8110
403
9482
10965
1742
1156
11324
2621
3237
206
6860
599
6940
9042
274
11195
4492
2073
7358
6463
11262
8042
8604
2176
5447
5777
7945
1566
5743
6416
12542
12045
6410
9227
568
10638
8665
741
3051
5478
149
11883
2926
926
2998
9363
6095
2816
991
9559
6080
8762
11069
5822
6213
9939
6607
8173
6556
3650
7086
1541
12084
1192
5552
5171
1919
6131
2033
10717
9027
10288
9671
761
1939
5917
8922
8106
8119
7187
152
10703
5186
5503
5707
3883
4891
6217
7938
7128
3519
286
2859
8197
2272
7005
4801
12722
11532
10809
7149
582
6206
5905
1369
6508
12801
9511
4979
4731
11179
5660
3872
1398
7548
2086
4994
2085
3255
6039
3816
1479
8414
9853
9169
10655
167
3373
12543
5990
2357
11993
9507
12845
2556
8897
12115
6309
11996
1331
11121
4546
7427
3151
12342
9965
9758
5868
941
31
4727
4646
10559
12009
4765
3101
390
7661
1651
7599
5906
7389
12971
8399
2703
9772
12001
6595
2996
8639
1321
7836
2935
4795
6336
2630
6729
5879
9632
9344
10518
7165
1022
11464
7265
7576
2992
3504
7028
3912
2961
12743
9976
2636
3190
9661
8285
11071
966
7823
3698
4833
6367
7215
11839
8162
12876
380
5792
103
6501
7946
4203
8637
3769
2101
11273
2410
1407
12653
2511
9002
10274
12601
8721
11624
653
2685
9747
11905
10779
1088
11457
1486
8413
10883
11022
9834
2980
1390
7672
1314
10311
3171
6023
9197
4420
4616
913
11482
11705
3833
1406
11403
10903
1058
5950
4516
7718
6198
8770
10564
2946
3413
6700
5557
3236
67
9716
11720
11125
12730
8481
8615
8725
5096
9059
12209
11822
8217
9826
11676
2100
6203
4194
12504
8122
2340
4929
967
6959
8691
1337
12435
12685
12924
12754
5154
8763
327
11095
2525
3615
7279
2650
2417
959
4532
9246
884
11975
12697
3162
3321
6990
3085
2320
6811
3584
9602
5595
9014
368
5352
2436
10041
11667
12729
8041
9384
6368
114
7141
2395
3132
12422
6266
10230
2277
11953
8149
11333
12646
1301
11967
7721
1127
647
11952
7588
1415
7687
7311
11745
8569
8443
3772
6322
2041
8127
9262
183
8105
4024
2836
2967
12255
2389
8536
3781
1395
10090
4375
1494
11109
9816
10370
3286
3301
4360
9336
9905
7882
10869
1607
10512
7868
165
806
2500
10839
8603
4491
10798
5809
8783
9070
11453
8385
9265
6688
3795
2783
634
588
10353
7155
11165
1225
6196
7091
11035
2757
3866
11511
367
232
1272
2479
3798
10851
10574
787
5994
3478
9456
6090
6017
8834
12570
2032
5512
4768
11370
4480
11427
7955
1397
6517
2642
1719
7122
5034
10675
1090
1339
8473
4573
11303
2499
816
11340
8527
10948
9178
10149
9496
11341
6027
4838
1495
12314
6833
10194
9813
4696
737
7859
7839
2595
11767
9358
9436
11890
4372
10875
2680
2327
7739
3800
3592
3733
1480
237
2143
6546
1162
11789
8506
2744
1685
6429
4136
11288
6387
12061
777
2244
1938
8830
4984
10169
11723
3967
10411
2384
5662
11872
10507
8184
7166
1303
4615
2797
4875
8315
3758
10667
5746
7269
9151
10842
11103
4425
9174
2219
2122
12038
8912
6727
6366
4154
9215
2474
7737
8135
6068
12315
3516
6639
8271
7132
5360
1676
9274
11686
8495
567
7274
10372
8291
4110
9605
4674
10504
12593
11011
6
6910
4726
5514
2520
2056
242
11606
6086
357
1901
6201
10322
3438
11014
2802
12352
7561
1586
4329
6021
8103
12381
2275
11196
1724
9840
10000
7843
10620
7866
12233
9767
11637
4223
11692
5617
2982
6065
2780
10771
9125
12408
7080
12047
2333
9443
3998
445
370
6858
19
1461
2052
37
4228
4944
7890
12877
8180
4600
11887
9368
7554
3441
300
1055
9208
8930
5401
11363
10956
7480
11678
5245
6472
7110
1016
4939
9451
5839
11664
12811
10324
4920
2917
10377
5315
7323
11700
7392
12826
502
4014
371
3531
10339
6471
1524
781
819
6689
6422
3341
7064
11418
5404
6141
11915
7189
2468
12592
2923
7618
10976
1165
8607
2626
3141
2762
11023
4157
10469
11763
8875
4709
313
2043
10868
3166
735
2371
10704
5212
4123
10075
3618
2359
5985
6060
1086
9071
12187
6457
1808
11083
3480
811
2459
12783
11398
3983
12131
5210
12888
11401
10539
12731
8084
9245
7636
5992
12107
10067
544
11807
7538
5247
3068
4277
5789
5320
3868
8378
580
5268
3664
426
9377
7596
576
10775
9390
12341
12153
6747
4992
9385
5794
7152
13
1536
5364
11828
6254
1753
1712
9687
11082
8673
5190
8019
4085
5204
3185
9084
12715
5110
3460
12006
526
7008
10100
4744
10526
2648
9349
4125
5753
5616
12660
10584
3221
144
1093
7365
4958
3598
12552
1732
6984
1962
12517
9613
56
215
6804
134
3184
2991
12705
10082
12692
11846
6015
7842
7983
9608
1506
2312
11192
8439
7667
6728
11815
7000
11736
8234
3578
10342
5347
10440
1815
4387
12810
8778
11699
7632
5129
3402
866
9617
2321
11266
10478
12839
4763
12666
11073
3567
8939
7352
12850
12524
2036
4087
8841
2015
4586
3454
843
4143
1812
8828
8843
5925
5205
2010
10632
1103
9908
6646
12073
3133
4836
11016
8396
3128
8057
10850
7847
4095
9255
12554
8771
11707
12090
2281
3860
11682
12822
12515
7773
2302
11520
11443
4580
540
992
1794
12867
6444
859
2481
10914
8170
5170
3566
12202
1895
10570
6170
5135
4317
10026
12214
1234
5651
6702
3688
4786
5194
6974
697
939
7069
7131
8597
9944
9762
3824
10889
8986
8853
10482
1649
7039
631
4047
11587
5655
347
7822
12446
5193
8776
972
1918
2517
757
11154
4626
358
3790
3910
7226
10456
2611
6814
3572
5606
2117
6011
4404
11367
6896
11408
12419
2490
11096
10
2809
1544
12732
200
2971
7241
2434
8092
4969
2173
501
9365
9685
4788
10487
7849
830
4073
3199
6026
9308
2814
7509
8943
6381
2326
851
10859
3061
11055
9181
6532
1576
9924
2102
12160
11090
6216
10397
3512
9643
2362
8435
7545
9297
3639
4854
6555
4521
10846
1146
3714
7694
11845
11348
1615
6569
557
8257
10826
11842
1809
9815
157
4995
66
2564
5107
9236
8483
1336
625
2508
11908
8587
846
1317
10234
10958
8266
7619
7549
11144
3396
1002
9128
6755
6778
7044
1041
3853
3426
6996
7968
2730
9502
9550
3880
2424
2364
4411
6133
11135
12372
10254
518
5536
5439
2613
10177
2285
4006
10989
7092
11311
11535
3499
739
3997
1297
10299
1130
12613
9056
11782
3222
2691
7862
3228
4037
6048
10983
6673
2260
3745
7014
11450
9240
4334
5412
4574
6267
4842
150
10319
1263
11402
2153
11619
637
7889
5111
3212
7633
3218
12290
48
9010
4870
1800
2787
579
6993
7138
12792
1833
4972
3260
12260
4335
8686
7777
10686
4977
7345
10999
993
9526
8750
42
11448
11497
10106
1271
1379
11176
4828
10261
9171
12494
12033
9108
9046
5020
11227
5009
4282
2411
2554
9770
2847
4582
10545
8532
12863
12043
1410
6325
11514
7186
6004
5382
9189
4013
1842
4407
7098
1642
4470
5785
2651
1334
3536
8193
7476
1604
7991
4849
9180
7220
8033
444
7533
6398
3283
8570
3590
3838
4640
3032
9614
2947
8507
5668
591
989
11795
6364
5248
1446
8494
11522
9997
6097
551
6428
11240
5910
1265
2105
2258
6622
809
2987
3336
7258
9665
4933
594
3845
5738
10239
3832
4622
1567
4661
12239
5023
12218
156
12374
640
11417
1835
8324
7559
6873
6020
11051
10396
4349
5826
7653
5886
44
12846
1276
6345
5802
7816
11598
11473
6226
11048
5872
2067
12949
5115
2353
9392
6061
1750
11312
8045
6458
6452
1408
8775
701
7424
5677
9599
11467
12723
6029
5449
2993
10735
9708
5000
2930
1167
8123
9847
4278
9532
5615
2605
4468
1905
2480
7137
12443
8868
7950
12889
7734
89
11437
4784
2880
4190
10563
11918
2311
6032
8314
11372
5394
9258
2543
2676
7356
11760
869
3954
1394
5374
6117
715
3927
4962
11364
11902
12675
6284
3831
8031
9457
6024
2460
3273
4733
8845
11008
9917
9569
2026
6507
7613
11397
6648
9642
8213
767
10555
2029
1003
1671
7770
9841
7880
10051
5737
5610
3442
9430
7578
4368
651
1287
6006
9401
12466
2077
12295
7526
12031
8510
5206
5403
8765
3523
10971
489
3040
4621
3973
1350
7887
2766
4315
11089
6035
3522
9434
7037
2451
8515
5293
8512
10943
326
1149
3785
228
4705
12615
9130
6486
7391
4454
1413
3403
11174
5455
7125
393
1772
6635
3905
4947
7242
10404
12491
8640
2485
2204
12833
4080
9567
4650
1437
2631
3484
7586
5430
2770
9735
8166
6474
12707
12772
3395
3913
10243
8827
8024
12612
4415
7952
465
6343
2974
12662
11756
9066
7459
12738
8923
8814
12015
1659
5166
3507
1937
3420
5097
10436
3551
10215
10037
10975
4629
5545
10285
9106
6272
5362
11578
5264
9503
564
780
1092
12813
1212
9921
12713
583
4948
12920
7840
12356
4272
9251
3581
9676
10029
1108
6589
1069
10947
12274
9529
3595
5122
3277
9590
2637
7376
3390
9217
8852
935
1970
11351
3331
12193
8403
8108
4700
6807
5079
620
4742
10718
8159
5375
12406
2042
9096
1286
1575
420
822
1255
7935
10980
7648
4041
112
12081
1107
1290
4866
2506
9940
12735
2614
1949
3514
8740
11738
11811
1915
11658
7999
7512
9143
11939
7315
8210
11812
1421
6046
10185
4264
1198
7655
5017
500
6934
9144
9099
8047
6304
6146
8334
887
9890
3994
759
11719
12177
10072
8448
11904
10208
930
7439
9464
303
7357
9878
5800
8322
12950
1057
508
2818
7589
4829
2495
3116
2728
7217
9340
4737
3859
4502
11009
7134
12195
4899
12082
7156
1257
4497
10199
4163
4745
2849
9052
8523
3509
3102
8502
11793
4819
11726
11182
4847
6426
6139
360
1893
995
3240
9029
8097
9732
7496
744
10993
3690
1511
9746
4892
6742
1886
11060
6926
6661
9622
6572
11886
7626
2594
9705
9994
1638
11830
12110
8496
11863
1978
8498
9114
6352
10118
8817
6200
5475
1843
11551
9317
12305
2760
9213
349
10902
11455
3290
10286
1627
1074
9663
1757
175
3020
6493
3353
6626
749
288
585
2388
7030
4291
3741
4379
12918
9331
558
11043
2274
8821
7377
3350
329
5958
9375
400
9611
2712
5574
7457
5329
7422
9801
9228
9866
7668
10355
2732
1997
12832
7140
4486
10553
11276
2112
276
1509
12230
835
9445
1988
10616
6108
8731
5769
3099
8232
6772
8792
1096
1655
11741
9272
8270
9910
6115
9990
8971
2632
7851
3944
5311
6281
6790
10630
4345
171
4806
7071
4416
12548
12551
11481
6666
1993
1773
4418
2236
4443
11420
11168
4297
6720
8806
4388
8455
10945
10642
10529
6059
853
11310
8190
9218
5045
1429
6102
287
8025
8436
2367
9876
8488
1878
6181
8281
1302
1927
8267
3418
5267
6158
6613
7703
9163
12650
8730
387
8417
11431
3203
5971
9129
2306
586
1144
5937
9648
7630
10631
12032
8160
11659
6591
12668
12611
1735
3646
10855
3034
7399
1151
6606
2679
3538
12677
9950
9455
8374
2363
11665
3188
8993
173
2051
2603
11235
812
5467
2653
947
11677
11733
3809
11675
11647
5639
10135
6105
7980
2658
7418
4663
8953
10136
8318
9741
10747
11248
119
3718
12581
9231
3293
2415
769
3922
998
11525
8478
1884
11180
2697
6696
7524
11679
5076
2942
2669
4990
3270
1983
6156
55
2248
8090
12039
9122
8058
372
3193
6497
5622
7107
11581
10168
5220
6389
5462
8562
9960
711
11254
21
4716
6424
90
2964
1628
12246
4294
2165
8142
8656
6849
10898
1755
6055
5028
2190
10088
5499
6998
8654
4728
5667
6715
12842
3261
826
4082
10034
9158
1700
12864
4059
6915
3046
5114
7243
9956
1083
4326
4852
5358
11211
6553
8848
2167
829
4145
1433
3436
330
1296
7976
4563
4204
6109
8260
442
5333
5703
222
4945
2195
8764
1594
6633
9102
6949
521
951
3970
10680
10132
11775
11355
9397
646
4193
4353
11662
6973
1971
8305
792
10292
12326
3158
3022
3652
5446
11656
796
12873
6797
9942
2791
65
11282
7330
8195
11922
5705
7468
7815
10523
779
9127
3092
6013
7525
6947
3971
4256
9234
7479
10220
11633
9123
11579
6913
958
1573
10930
10722
1817
1400
5279
7741
10939
11283
1173
7354
11523
3027
3706
11921
1931
12027
3070
10977
1977
10316
9720
7711
4211
11491
1050
10996
3700
264
4354
12603
4151
213
11461
4398
8326
1554
2541
12912
10820
6326
7745
11277
1177
6714
3657
5294
7650
5975
10246
4127
3327
600
7812
10328
88
12656
8320
8713
6753
3520
4583
8952
4922
123
12346
2342
11992
11928
12398
9576
5646
1736
4452
6933
4919
8921
1640
1658
9797
8872
4937
3307
2793
10917
10552
1679
12789
7309
464
1639
10913
76
12459
3635
2863
3078
1908
3759
7571
5363
4055
6669
1319
8901
12854
9396
3226
535
4893
6042
4938
12378
6370
4777
3455
263
3607
8925
1374
11947
6987
10816
6461
3886
5270
11984
8377
12589
294
4183
1527
12944
2407
4137
8418
9509
5630
9612
692
4241
7248
10673
12939
1987
5126
7428
2856
318
1275
3726
11117
7353
4672
5750
484
3195
2069
1709
5559
1523
4882
8584
7420
549
6547
2835
8578
12300
12046
11434
10023
6073
1848
260
5466
7926
12358
6761
3562
658
3136
6075
4289
10927
10164
10635
4220
12427
5581
9235
696
5939
9185
3183
12824
12294
4610
7451
2431
8514
7225
1518
7558
5708
3770
2924
10028
8591
11066
4377
5464
9669
10682
12793
10445
11754
5523
6054
6503
2391
4715
8556
2795
1551
8548
5591
12283
4771
1344
413
8881
1714
5010
7736
1218
11504
7894
11557
322
11546
3875
9004
5890
4457
6930
10916
11291
11307
9869
8356
2724
12819
3491
5094
11079
4687
7700
3708
5566
555
5938
4408
2358
8137
2881
4681
963
10734
5082
5924
1696
10446
7582
9072
11472
4501
11178
1663
8348
5614
11132
3624
9063
7679
3498
2911
11034
5151
650
2825
12659
12441
4025
11769
11821
11001
7229
6516
398
5184
5274
4226
2965
11944
4861
9120
10731
12907
2137
1140
6224
7016
11302
7818
102
10672
457
10057
4293
8768
8965
1126
2664
7021
3015
9684
9220
3481
4096
9510
4370
4376
7144
11576
7845
3766
6373
3942
6570
1204
8456
539
1443
7803
4173
9244
5057
2337
7249
6316
2343
11269
6395
4601
7227
4221
7860
11185
5088
864
9928
3492
1037
5806
362
1763
5456
2261
5497
9439
2932
3157
4005
12367
378
1466
7438
2731
6025
181
2954
8198
1026
11923
1250
1738
9373
3363
12450
10200
4856
12897
11202
10238
1417
730
3397
8618
11208
3107
8441
2005
8255
5485
1150
9626
10494
2749
10800
8620
5747
3065
10305
1481
11038
4908
11027
1632
1979
419
12862
8879
6657
6579
4720
2375
6212
891
6118
1116
7259
239
5549
2790
9131
11153
10280
7651
10891
6399
12075
12671
7307
3191
10155
5915
5936
11881
12961
1366
4659
11475
2477
6920
3633
2159
2892
4076
4043
4215
491
8218
3934
4097
1039
4734
9458
9078
10076
4880
8833
4794
1178
1208
4465
7460
3377
9495
12925
9188
6897
4566
11487
2817
73
3440
2715
10033
3630
482
6204
2512
12825
9162
1475
9273
12507
12594
5242
1856
4311
2607
2850
10104
1904
6523
11972
10103
11801
10823
7857
2251
10206
5226
2934
9268
7905
7292
12556
12748
1357
12423
3368
10153
267
12698
889
9897
3036
3660
7772
10489
10693
8542
6608
9438
5254
3644
5796
4230
7702
10561
4900
509
7041
7690
11126
9314
2191
3262
3941
3856
2884
5368
9957
10695
2890
516
10078
12116
4255
9113
7979
9872
8908
3593
4405
4202
3747
12296
8055
6692
7404
6576
2551
12558
12383
742
7953
669
855
2133
1851
5631
2107
1467
2920
4653
7791
7883
7383
12922
4846
6534
4176
9546
11332
6137
7072
5335
8917
7535
6348
2331
2772
2523
3503
1387
10265
8631
10475
6736
7177
578
7551
9184
3071
7488
5648
11906
6199
10281
12796
7984
9796
597
5092
2921
6305
6341
12767
12282
4192
914
2471
9683
2177
9179
5589
120
3750
11131
10506
7034
324
10583
4092
7817
9794
4918
1499
2404
5741
8772
9252
8345
6400
12054
3923
1514
8143
1153
752
2540
12602
10870
1783
3792
11956
5472
8246
3903
929
5217
11093
422
1648
12247
8102
11259
10167
9640
5131
10565
10892
5598
3909
5257
3617
9382
105
8423
7503
6404
6936
4692
4527
1072
5546
9109
2427
3238
2376
2516
8284
12651
12721
438
2733
10472
643
4902
2155
12704
7251
11648
5074
6455
1468
405
8613
4823
8072
385
12170
6392
6164
7328
11187
4352
12869
7105
4064
212
979
7970
7556
1401
12606
5176
7963
6672
8574
10282
5719
7471
1814
1099
10833
3534
5765
27
5921
11470
5556
8547
12885
6250
9036
2450
3328
6924
4445
6552
11074
6470
7405
3960
10179
12250
11565
9991
9481
2218
9370
1277
2004
2585
3281
3570
2265
5699
10367
12937
8215
8904
2629
8307
6499
3933
12251
9704
9081
5511
3430
11299
4917
7443
12658
2736
7514
10615
12005
10093
5823
6313
7617
12526
5250
7179
726
8004
7713
7419
12683
4462
3408
8375
12492
3600
8043
11357
11214
2252
36
5711
9076
4673
4441
3300
4873
9722
9712
4647
4238
3049
2062
7416
11483
2984
731
672
8675
1279
12747
9570
5005
1460
1384
6205
10467
10598
1784
1868
8781
5640
1138
5354
